parameter_a =-4.398945048
parameter_b =1.09926747
parameter_c =-0.015058809
parameter_d =-0.205398859
parameter_g =7.187541946
parameter_f =1.13716524
parameter_com =0.15137951
parameter_coeff =0.95565858
average_lambda=-0.00182194
samplingRate=0.9
parameter_e=2.7
parameter_k=0.015
parameter_va=0.069
parameter_std=0.5
cold_therm=quiet_therm
hot_therm=cpu_therm